1.0016522
1.0351146
-1.0001336
1.0001895
-0.89903933
1.0097423
-1.0224531
0.91204019
-0.88948648
-0.39866327
-1.1497195
-1.1497195
-0.24346002
0.97828032
0.97828032
-0.73428324
0.92031484
-0.35762
0.88980706
0.89472869
0.39898384
0.8453137
-0.91718704
0.88980706
-1.1497195
-0.39866327
0.07919065
-1.0571549
1.0369005
-0.98378851
0.89472869
-0.88948648
0.97828032
-0.91718704
1.0097423
-0.79598005
0.75684044
-1.0219066
0.88980706
-0.053775971
-0.91718704
-0.053775971
0.97828032
-0.88948648
-1.1497195
1.3697601
0.89472869
-1.1497195
-0.39866327
-1.1497195
0.92031484
0.90585929
-1.1497195
-0.39866327
-0.053775971
-1.1497195
0.39898384
-0.39866327
-1.0571549
0.91617866
-1.1497195
-0.053775971
0.89472869
-1.1497195
0.88980706
-0.053775971
-0.88948648
0.92646761
-1.1497195
0.92997696
-1.1497195
-0.26569665
0.34512389
0.99671424
-0.86720843
0.91617866
-1.1497195
0.89472869
0.97828032
-0.91718704
0.88980706
-1.1497195
0.89472869
-1.1497195
-0.76290201
-0.35762
-0.38935615
0.92031484
0.89472869
-1.0224531
1.0016522
1.0016522
1.4050084
-0.92636925
-0.39866327
-1.1497195
-1.2826862
0.97070425
0.88980706
-0.88948648
1.0097423
-0.39866327
0.07919065
0.89472869
1.3697601
1.3697601
0.23443369
0.34512389
1.3697601
1.3697601
0.75684044
-0.35762
